<?xml version="1.0"?>
<opencv_storage>
<classifications type_id="opencv-matrix">
  <rows>360</rows>
  <cols>1</cols>
  <dt>i</dt>
  <data>
    90 77 69 66 65 89 88 87 86 85 84 82 80 78 76 75 74 73 72 70 68 83 81
    79 71 67 57 56 55 54 53 52 51 50 49 48 80 68 66 65 90 89 88 87 86 85
    84 82 78 77 76 75 74 73 72 70 69 83 81 79 71 67 52 55 54 53 49 57 56
    51 50 48 81 79 90 89 88 87 86 85 84 83 82 80 78 77 76 75 74 73 72 71
    70 69 68 67 66 65 57 56 55 54 53 52 51 50 49 48 90 87 86 84 89 88 85
    82 80 78 77 76 75 74 73 72 70 69 68 66 83 81 79 71 67 65 57 56 55 54
    53 52 51 50 49 48 90 84 82 80 77 76 74 73 72 70 69 68 66 65 89 88 87
    86 85 78 75 83 81 79 71 67 55 53 52 57 56 54 51 50 49 48 83 90 85 84
    89 86 81 79 82 80 88 87 71 70 69 68 78 76 74 72 67 66 65 77 73 75 49
    48 57 56 55 54 53 51 50 52 83 90 85 84 89 86 88 87 82 74 72 71 70 69
    68 67 66 81 79 78 77 76 73 65 80 75 49 48 57 56 55 54 53 52 51 50 90
    89 86 88 87 83 85 84 81 79 78 76 74 72 71 70 69 68 67 66 65 82 80 77
    73 75 57 56 55 54 51 50 49 48 53 52 90 85 84 83 81 79 76 74 72 71 70
    69 68 67 66 65 89 86 82 80 78 77 73 88 87 75 56 54 51 50 49 48 57 55
    53 52 90 85 84 83 74 72 71 70 69 68 67 66 65 89 86 82 81 80 79 78 77
    76 73 88 87 75 57 56 55 54 51 50 49 48 53 52</data></classifications>
</opencv_storage>
